[12.5, 12.75, [1.0, 0.22069743502150108, 9, -7.698970004336019, -18.0, 5.737184150722916, 187.5, 0], Array([59.80311717], dtype=float64), 0.9755941436363909, 76]
[12.5, 12.75, [1.0, 0.22069743502150108, 9, -7.698970004336019, -13.0, 0.4047617341982472, 187.5, 0], Array([120100.61958051], dtype=float64), 0.0, 76]
[12.5, 12.75, [1.0, 0.22069743502150108, 9, -7.698970004336019, -15.5, 4.458723899394619, 187.5, 0], Array([71.22610384], dtype=float64), 0.6988363918108959, 76]
[12.5, 12.75, [1.0, 0.22069743502150108, 9, -7.698970004336019, -14.25, 6.185416477623828, 187.5, 0], Array([452.42537828], dtype=float64), 2.312350050083758e-107, 76]
[12.5, 12.75, [1.0, 0.22069743502150108, 9, -7.698970004336019, -14.875, 2.4584380748839676, 187.5, 0], Array([73.10852909], dtype=float64), 0.6169980977109716, 76]
[12.5, 12.75, [1.0, 0.22069743502150108, 9, -7.698970004336019, -14.5625, 4.346021580549292, 187.5, 0], Array([169.3874313], dtype=float64), 2.8701534314797777e-16, 76]
[12.5, 12.75, [1.0, 0.22069743502150108, 9, -7.698970004336019, -14.71875, 5.453318495811648, 187.5, 0], Array([107.95354421], dtype=float64), 0.0005068906499699112, 76]
[12.5, 12.75, [1.0, 0.22069743502150108, 9, -7.698970004336019, -14.796875, 2.7528060042376725, 187.5, 0], Array([79.14564602], dtype=float64), 0.34675844668178596, 76]
[12.5, 12.75, [1.0, 0.22069743502150108, 9, -7.698970004336019, -14.7578125, 2.42656081061313, 187.5, 0], Array([102.67325164], dtype=float64), 0.0025705601378241214, 76]
[12.5, 12.75, [1.0, 0.22069743502150108, 9, -7.698970004336019, -14.77734375, 1.317555056049692, 187.5, 0], Array([111.29117033], dtype=float64), 0.00016687800674395343, 76]
[12.5, 12.75, [1.0, 0.22069743502150108, 9, -7.698970004336019, -14.787109375, 4.647297368871984, 187.5, 0], Array([90.19137886], dtype=float64), 0.057742995881886756, 76]
[12.5, 12.75, [1.0, 0.22069743502150108, 9, -7.698970004336019, -18.0, 3.863386203172396, 187.5, 0], Array([42.49599333], dtype=float64), 0.9999976868269647, 76]
[12.5, 12.75, [1.0, 0.22069743502150108, 9, -7.698970004336019, -13.0, 6.056719891937401, 187.5, 0], Array([120254.7934326], dtype=float64), 0.0, 76]
[12.5, 12.75, [1.0, 0.22069743502150108, 9, -7.698970004336019, -15.5, 5.160362941373612, 187.5, 0], Array([53.66607117], dtype=float64), 0.9976574950643672, 76]
[12.5, 12.75, [1.0, 0.22069743502150108, 9, -7.698970004336019, -14.25, 1.549912548720921, 187.5, 0], Array([410.62308002], dtype=float64), 2.3421071081933395e-92, 76]
[12.5, 12.75, [1.0, 0.22069743502150108, 9, -7.698970004336019, -14.875, 4.7569456077554335, 187.5, 0], Array([73.23449597], dtype=float64), 0.6113316730617235, 76]
[12.5, 12.75, [1.0, 0.22069743502150108, 9, -7.698970004336019, -14.5625, 3.141978050906908, 187.5, 0], Array([160.39543288], dtype=float64), 4.0311578660660974e-14, 76]
[12.5, 12.75, [1.0, 0.22069743502150108, 9, -7.698970004336019, -14.71875, 5.302877979997011, 187.5, 0], Array([116.77083087], dtype=float64), 2.3584552034162617e-05, 76]
[12.5, 12.75, [1.0, 0.22069743502150108, 9, -7.698970004336019, -14.796875, 5.070781034755983, 187.5, 0], Array([74.70947363], dtype=float64), 0.5440243130038954, 76]
[12.5, 12.75, [1.0, 0.22069743502150108, 9, -7.698970004336019, -14.7578125, 0.05685383948340643, 187.5, 0], Array([110.05477164], dtype=float64), 0.00025371479161085325, 76]
[12.5, 12.75, [1.0, 0.22069743502150108, 9, -7.698970004336019, -14.77734375, 2.4976890099411757, 187.5, 0], Array([101.04011661], dtype=float64), 0.004101043430141395, 76]
[12.5, 12.75, [1.0, 0.22069743502150108, 9, -7.698970004336019, -14.787109375, 4.18177966999054, 187.5, 0], Array([85.79070351], dtype=float64), 0.13220547805851504, 76]
[12.5, 12.75, [1.0, 0.22069743502150108, 9, -7.698970004336019, -14.7822265625, 0.9106988628305872, 187.5, 0], Array([86.97286651], dtype=float64), 0.1073866826921862, 76]
[12.5, 12.75, [1.0, 0.22069743502150108, 9, -7.698970004336019, -14.77978515625, 3.574390447533139, 187.5, 0], Array([87.8814136], dtype=float64), 0.09085805799291337, 76]
[12.5, 12.75, [1.0, 0.22069743502150108, 9, -7.698970004336019, -14.778564453125, 1.4941518620661487, 187.5, 0], Array([92.02614687], dtype=float64), 0.03915220274869293, 76]
[12.5, 12.75, [1.0, 0.22069743502150108, 9, -7.698970004336019, -14.7791748046875, 3.787231308169378, 187.5, 0], Array([90.83682988], dtype=float64), 0.05050951562249692, 76]
[12.5, 12.75, [1.0, 0.22069743502150108, 9, -7.698970004336019, -18.0, 0.7001610933302582, 187.5, 0], Array([50.3821758], dtype=float64), 0.9995414341314329, 76]
[12.5, 12.75, [1.0, 0.22069743502150108, 9, -7.698970004336019, -13.0, 3.4158311230986764, 187.5, 0], Array([120271.17437949], dtype=float64), 0.0, 76]
[12.5, 12.75, [1.0, 0.22069743502150108, 9, -7.698970004336019, -15.5, 5.266748136137473, 187.5, 0], Array([79.05472456], dtype=float64), 0.35051329040509455, 76]
[12.5, 12.75, [1.0, 0.22069743502150108, 9, -7.698970004336019, -14.25, 6.179274809708632, 187.5, 0], Array([440.0681222], dtype=float64), 6.778407424655907e-103, 76]
[12.5, 12.75, [1.0, 0.22069743502150108, 9, -7.698970004336019, -14.875, 0.17732357821278055, 187.5, 0], Array([78.568752], dtype=float64), 0.37087308340658626, 76]
[12.5, 12.75, [1.0, 0.22069743502150108, 9, -7.698970004336019, -14.5625, 6.047108122301086, 187.5, 0], Array([146.54412627], dtype=float64), 5.1893719662322543e-11, 76]
[12.5, 12.75, [1.0, 0.22069743502150108, 9, -7.698970004336019, -14.71875, 5.310553778893114, 187.5, 0], Array([103.0386755], dtype=float64), 0.002310077596223543, 76]
[12.5, 12.75, [1.0, 0.22069743502150108, 9, -7.698970004336019, -14.796875, 0.3932769392994886, 187.5, 0], Array([96.01852678], dtype=float64), 0.0154490470900418, 76]
[12.5, 12.75, [1.0, 0.22069743502150108, 9, -7.698970004336019, -14.8359375, 6.174000986342468, 187.5, 0], Array([79.51526608], dtype=float64), 0.33168062082884836, 76]
[12.5, 12.75, [1.0, 0.22069743502150108, 9, -7.698970004336019, -14.81640625, 5.88491582451522, 187.5, 0], Array([87.66905963], dtype=float64), 0.09453136945446028, 76]
[12.5, 12.75, [1.0, 0.22069743502150108, 9, -7.698970004336019, -14.806640625, 4.393168696804562, 187.5, 0], Array([85.59482356], dtype=float64), 0.13669602038233686, 76]
[12.5, 12.75, [1.0, 0.22069743502150108, 9, -7.698970004336019, -14.8017578125, 2.110611527299449, 187.5, 0], Array([94.59678701], dtype=float64), 0.021795919356093235, 76]
[12.5, 12.75, [1.0, 0.22069743502150108, 9, -7.698970004336019, -14.80419921875, 0.23443476129362345, 187.5, 0], Array([89.59422384], dtype=float64), 0.06517341920167344, 76]
[12.5, 12.75, [1.0, 0.22069743502150108, 9, -7.698970004336019, -14.802978515625, 0.4570116586222364, 187.5, 0], Array([106.29410535], dtype=float64), 0.0008597991752267141, 76]
[12.5, 12.75, [1.0, 0.22069743502150108, 9, -7.698970004336019, -14.8035888671875, 1.633811840568074, 187.5, 0], Array([95.49765846], dtype=float64), 0.017554070895248054, 76]
[12.5, 12.75, [1.0, 0.22069743502150108, 9, -7.698970004336019, -14.80389404296875, 2.6288437597395222, 187.5, 0], Array([95.40677888], dtype=float64), 0.01794621024570735, 76]
[12.5, 12.75, [1.0, 0.22069743502150108, 9, -7.698970004336019, -14.804046630859375, 5.912908188446038, 187.5, 0], Array([97.3467836], dtype=float64), 0.011059528278604484, 76]
[12.5, 12.75, [1.0, 0.22069743502150108, 9, -7.698970004336019, -14.804122924804688, 4.850713434567331, 187.5, 0], Array([96.07679942], dtype=float64), 0.015228045405424079, 76]
[12.5, 12.75, [1.0, 0.22069743502150108, 9, -7.698970004336019, -14.804161071777344, 2.8175345568091665, 187.5, 0], Array([74.23829259], dtype=float64), 0.5656627248328023, 76]
[12.5, 12.75, [1.0, 0.22069743502150108, 9, -7.698970004336019, -14.804141998291016, 4.727943735068642, 187.5, 0], Array([80.1394057], dtype=float64), 0.30693980421483, 76]
[12.5, 12.75, [1.0, 0.22069743502150108, 9, -7.698970004336019, -14.804132461547852, 4.515183113092827, 187.5, 0], Array([94.8822639], dtype=float64), 0.020363737465163588, 76]
[12.5, 12.75, [1.0, 0.22069743502150108, 9, -7.698970004336019, -14.804137229919434, 5.86386106366891, 187.5, 0], Array([91.64327383], dtype=float64), 0.04254622899073998, 76]
[12.5, 12.75, [1.0, 0.22069743502150108, 9, -7.698970004336019, -18.0, 1.4365379220075722, 187.5, 0], Array([48.11563642], dtype=float64), 0.9998757137316227, 76]
[12.5, 12.75, [1.0, 0.22069743502150108, 9, -7.698970004336019, -13.0, 5.738544864744649, 187.5, 0], Array([120484.0618073], dtype=float64), 0.0, 76]
[12.5, 12.75, [1.0, 0.22069743502150108, 9, -7.698970004336019, -15.5, 4.940026956791603, 187.5, 0], Array([69.92714461], dtype=float64), 0.7509764863005228, 76]
[12.5, 12.75, [1.0, 0.22069743502150108, 9, -7.698970004336019, -14.25, 0.665958459786747, 187.5, 0], Array([446.41915511], dtype=float64), 3.4543645934448982e-105, 76]
[12.5, 12.75, [1.0, 0.22069743502150108, 9, -7.698970004336019, -14.875, 0.8387452550160799, 187.5, 0], Array([73.38159051], dtype=float64), 0.6046931270218163, 76]
[12.5, 12.75, [1.0, 0.22069743502150108, 9, -7.698970004336019, -14.5625, 4.169855480085871, 187.5, 0], Array([140.51163757], dtype=float64), 9.653513138064652e-10, 76]
[12.5, 12.75, [1.0, 0.22069743502150108, 9, -7.698970004336019, -14.71875, 2.505198935841701, 187.5, 0], Array([117.21574142], dtype=float64), 1.9981798053235435e-05, 76]
[12.5, 12.75, [1.0, 0.22069743502150108, 9, -7.698970004336019, -14.796875, 6.129140636060601, 187.5, 0], Array([100.03364035], dtype=float64), 0.005422432550667591, 76]
[12.5, 12.75, [1.0, 0.22069743502150108, 9, -7.698970004336019, -14.8359375, 4.296316253320706, 187.5, 0], Array([81.70622723], dtype=float64), 0.24924609837435072, 76]
[12.5, 12.75, [1.0, 0.22069743502150108, 9, -7.698970004336019, -14.81640625, 2.0483209106939495, 187.5, 0], Array([72.7777259], dtype=float64), 0.6317879000603807, 76]
[12.5, 12.75, [1.0, 0.22069743502150108, 9, -7.698970004336019, -14.806640625, 0.5246018939421864, 187.5, 0], Array([76.15025142], dtype=float64), 0.47788385504209735, 76]
[12.5, 12.75, [1.0, 0.22069743502150108, 9, -7.698970004336019, -14.8017578125, 3.6256438525056907, 187.5, 0], Array([88.7299595], dtype=float64), 0.07728392895968167, 76]
[12.5, 12.75, [1.0, 0.22069743502150108, 9, -7.698970004336019, -14.79931640625, 4.565460412891601, 187.5, 0], Array([93.79661715], dtype=float64), 0.026288779983559062, 76]
[12.5, 12.75, [1.0, 0.22069743502150108, 9, -7.698970004336019, -14.800537109375, 1.0247625443104527, 187.5, 0], Array([92.55106162], dtype=float64), 0.03487379312271422, 76]
[12.5, 12.75, [1.0, 0.22069743502150108, 9, -7.698970004336019, -14.8011474609375, 0.6414959930290792, 187.5, 0], Array([87.48742663], dtype=float64), 0.09776402124680551, 76]
[12.5, 12.75, [1.0, 0.22069743502150108, 9, -7.698970004336019, -14.80084228515625, 3.0732177609230984, 187.5, 0], Array([96.12793581], dtype=float64), 0.015036421900004713, 76]
[12.5, 12.75, [1.0, 0.22069743502150108, 9, -7.698970004336019, -14.800994873046875, 0.34908374170502104, 187.5, 0], Array([92.32144779], dtype=float64), 0.03669362844455689, 76]
[12.5, 12.75, [1.0, 0.22069743502150108, 9, -7.698970004336019, -14.801071166992188, 5.548567451283221, 187.5, 0], Array([93.31199283], dtype=float64), 0.029383269749816525, 76]
[12.5, 12.75, [1.0, 0.22069743502150108, 9, -7.698970004336019, -14.801109313964844, 0.19627923907481537, 187.5, 0], Array([93.99635078], dtype=float64), 0.025097983724070964, 76]
[12.5, 12.75, [1.0, 0.22069743502150108, 9, -7.698970004336019, -14.801128387451172, 3.3089502900043266, 187.5, 0], Array([89.82452255], dtype=float64), 0.06222052732755687, 76]
[12.5, 12.75, [1.0, 0.22069743502150108, 9, -7.698970004336019, -14.801118850708008, 5.6509163869664425, 187.5, 0], Array([97.29873182], dtype=float64), 0.01119644091225501, 76]
[12.5, 12.75, [1.0, 0.22069743502150108, 9, -7.698970004336019, -14.80112361907959, 1.1651546706273654, 187.5, 0], Array([96.75961834], dtype=float64), 0.012839819883726771, 76]
[12.5, 12.75, [1.0, 0.22069743502150108, 9, -7.698970004336019, -14.80112600326538, 5.949194713604219, 187.5, 0], Array([99.39600045], dtype=float64), 0.006449838772619619, 76]
[12.5, 12.75, [1.0, 0.22069743502150108, 9, -7.698970004336019, -14.801127195358276, 2.4995901051709333, 187.5, 0], Array([97.70031909], dtype=float64), 0.010097479784032573, 76]
[12.5, 12.75, [1.0, 0.22069743502150108, 9, -7.698970004336019, -14.801127791404724, 4.9377957019841965, 187.5, 0], Array([76.75955036], dtype=float64), 0.450240350837799, 76]
[12.5, 12.75, [1.0, 0.22069743502150108, 9, -7.698970004336019, -14.8011274933815, 6.006820211860649, 187.5, 0], Array([84.84163825], dtype=float64), 0.15499651291942204, 76]
[12.5, 12.75, [1.0, 0.22069743502150108, 9, -7.698970004336019, -18.0, 5.575388256962719, 187.5, 0], Array([58.0606333], dtype=float64), 0.986356880598581, 76]
[12.5, 12.75, [1.0, 0.22069743502150108, 9, -7.698970004336019, -13.0, 2.253766055229235, 187.5, 0], Array([120800.23921474], dtype=float64), 0.0, 76]
[12.5, 12.75, [1.0, 0.22069743502150108, 9, -7.698970004336019, -15.5, 1.1969161703474116, 187.5, 0], Array([57.65503962], dtype=float64), 0.9881913020919738, 76]
[12.5, 12.75, [1.0, 0.22069743502150108, 9, -7.698970004336019, -14.25, 4.633153583377588, 187.5, 0], Array([431.23141769], dtype=float64), 1.023212922678189e-99, 76]
[12.5, 12.75, [1.0, 0.22069743502150108, 9, -7.698970004336019, -14.875, 0.5713044870934141, 187.5, 0], Array([75.60337691], dtype=float64), 0.5029164619361168, 76]
[12.5, 12.75, [1.0, 0.22069743502150108, 9, -7.698970004336019, -14.5625, 2.2012709367782892, 187.5, 0], Array([166.65841104], dtype=float64), 1.3168602509546367e-15, 76]
[12.5, 12.75, [1.0, 0.22069743502150108, 9, -7.698970004336019, -14.71875, 0.3165791982185004, 187.5, 0], Array([116.25637172], dtype=float64), 2.8531682309193142e-05, 76]
[12.5, 12.75, [1.0, 0.22069743502150108, 9, -7.698970004336019, -14.796875, 1.8398775770322082, 187.5, 0], Array([101.40326774], dtype=float64), 0.0037019124155509395, 76]
[12.5, 12.75, [1.0, 0.22069743502150108, 9, -7.698970004336019, -14.8359375, 3.8757753964116173, 187.5, 0], Array([96.83285384], dtype=float64), 0.012604624838929728, 76]
[12.5, 12.75, [1.0, 0.22069743502150108, 9, -7.698970004336019, -14.85546875, 4.908473050693071, 187.5, 0], Array([76.99439205], dtype=float64), 0.4396812514389218, 76]
[12.5, 12.75, [1.0, 0.22069743502150108, 9, -7.698970004336019, -14.845703125, 0.40973598163903374, 187.5, 0], Array([81.18520958], dtype=float64), 0.2676923971710305, 76]
[12.5, 12.75, [1.0, 0.22069743502150108, 9, -7.698970004336019, -14.8408203125, 5.760464990395273, 187.5, 0], Array([74.8889929], dtype=float64), 0.5357661536574836, 76]
[12.5, 12.75, [1.0, 0.22069743502150108, 9, -7.698970004336019, -14.83837890625, 0.7206218102797984, 187.5, 0], Array([82.34268992], dtype=float64), 0.22776203362679281, 76]
[12.5, 12.75, [1.0, 0.22069743502150108, 9, -7.698970004336019, -14.837158203125, 3.070450980027637, 187.5, 0], Array([79.71524999], dtype=float64), 0.32365214721654917, 76]
[12.5, 12.75, [1.0, 0.22069743502150108, 9, -7.698970004336019, -14.8365478515625, 5.337818655481026, 187.5, 0], Array([78.92378854], dtype=float64), 0.3559514026881102, 76]
[12.5, 12.75, [1.0, 0.22069743502150108, 9, -7.698970004336019, -14.83624267578125, 4.701400722631451, 187.5, 0], Array([83.66408528], dtype=float64), 0.18696357435974084, 76]
[12.5, 12.75, [1.0, 0.22069743502150108, 9, -7.698970004336019, -14.836090087890625, 3.2111461809668818, 187.5, 0], Array([88.9875165], dtype=float64), 0.07350010949968942, 76]
[12.5, 12.75, [1.0, 0.22069743502150108, 9, -7.698970004336019, -14.836013793945312, 2.0738660798364332, 187.5, 0], Array([80.82314416], dtype=float64), 0.2809526011226552, 76]
[12.5, 12.75, [1.0, 0.22069743502150108, 9, -7.698970004336019, -14.835975646972656, 0.3130985267084246, 187.5, 0], Array([84.47126816], dtype=float64), 0.16460611058340185, 76]
[12.5, 12.75, [1.0, 0.22069743502150108, 9, -7.698970004336019, -14.835956573486328, 5.386408726836148, 187.5, 0], Array([77.81815229], dtype=float64), 0.4031939404731288, 76]
[12.5, 12.75, [1.0, 0.22069743502150108, 9, -7.698970004336019, -14.835947036743164, 2.128056901567012, 187.5, 0], Array([93.88657028], dtype=float64), 0.02574655943917984, 76]
[12.5, 12.75, [1.0, 0.22069743502150108, 9, -7.698970004336019, -14.835951805114746, 4.629216330923548, 187.5, 0], Array([78.93773513], dtype=float64), 0.3553704593592002, 76]
[12.5, 12.75, [1.0, 0.22069743502150108, 9, -7.698970004336019, -14.835949420928955, 1.7564092365552715, 187.5, 0], Array([94.67213125], dtype=float64), 0.02140962683391351, 76]
[12.5, 12.75, [1.0, 0.22069743502150108, 9, -7.698970004336019, -14.83595061302185, 3.796602608400998, 187.5, 0], Array([71.43394482], dtype=float64), 0.6901206980634194, 76]
[12.5, 12.75, [1.0, 0.22069743502150108, 9, -7.698970004336019, -14.835950016975403, 3.6740293814859726, 187.5, 0], Array([83.50545404], dtype=float64), 0.19158641510698673, 76]
[12.5, 12.75, [1.0, 0.22069743502150108, 9, -7.698970004336019, -14.835949718952179, 5.544756059310661, 187.5, 0], Array([101.16403121], dtype=float64), 0.003960613644125199, 76]
[12.5, 12.75, [1.0, 0.22069743502150108, 9, -7.698970004336019, -18.0, 5.924498648546454, 187.5, 0], Array([69.42371106], dtype=float64), 0.7699700231009149, 76]
[12.5, 12.75, [1.0, 0.22069743502150108, 9, -7.698970004336019, -13.0, 1.2235514281910922, 187.5, 0], Array([120122.88178597], dtype=float64), 0.0, 76]
[12.5, 12.75, [1.0, 0.22069743502150108, 9, -7.698970004336019, -15.5, 2.540573157188805, 187.5, 0], Array([69.96610553], dtype=float64), 0.7494764865664953, 76]
[12.5, 12.75, [1.0, 0.22069743502150108, 9, -7.698970004336019, -14.25, 2.649891038112072, 187.5, 0], Array([420.26688605], dtype=float64), 8.615602317135633e-96, 76]
[12.5, 12.75, [1.0, 0.22069743502150108, 9, -7.698970004336019, -14.875, 3.5770368433365727, 187.5, 0], Array([94.47983372], dtype=float64), 0.022407608006960275, 76]
[12.5, 12.75, [1.0, 0.22069743502150108, 9, -7.698970004336019, -15.1875, 0.2120283098768777, 187.5, 0], Array([69.42406864], dtype=float64), 0.7699567944849677, 76]
[12.5, 12.75, [1.0, 0.22069743502150108, 9, -7.698970004336019, -15.03125, 2.232478065199443, 187.5, 0], Array([61.80530823], dtype=float64), 0.9557581625243075, 76]
[12.5, 12.75, [1.0, 0.22069743502150108, 9, -7.698970004336019, -14.953125, 5.869005711657952, 187.5, 0], Array([87.66704036], dtype=float64), 0.09456684530180476, 76]
[12.5, 12.75, [1.0, 0.22069743502150108, 9, -7.698970004336019, -14.9140625, 0.9345534041536828, 187.5, 0], Array([80.58289381], dtype=float64), 0.28994557415031685, 76]
[12.5, 12.75, [1.0, 0.22069743502150108, 9, -7.698970004336019, -14.89453125, 2.223682696588724, 187.5, 0], Array([70.54750419], dtype=float64), 0.7266055361430427, 76]
[12.5, 12.75, [1.0, 0.22069743502150108, 9, -7.698970004336019, -14.884765625, 0.2529904752578948, 187.5, 0], Array([64.40494976], dtype=float64), 0.9139784077405029, 76]
[12.5, 12.75, [1.0, 0.22069743502150108, 9, -7.698970004336019, -14.8798828125, 5.575591618275346, 187.5, 0], Array([75.09710244], dtype=float64), 0.5261902827645804, 76]
[12.5, 12.75, [1.0, 0.22069743502150108, 9, -7.698970004336019, -14.87744140625, 1.739234079856151, 187.5, 0], Array([81.66861244], dtype=float64), 0.2505522377868875, 76]
[12.5, 12.75, [1.0, 0.22069743502150108, 9, -7.698970004336019, -14.876220703125, 5.612232425471111, 187.5, 0], Array([87.92767124], dtype=float64), 0.09007288852982101, 76]
[12.5, 12.75, [1.0, 0.22069743502150108, 9, -7.698970004336019, -14.8756103515625, 3.6862810322746142, 187.5, 0], Array([79.91086448], dtype=float64), 0.3158904028585109, 76]
[12.5, 12.75, [1.0, 0.22069743502150108, 9, -7.698970004336019, -14.87530517578125, 1.9854513265023914, 187.5, 0], Array([78.66416276], dtype=float64), 0.36683848256484286, 76]
[12.5, 12.75, [1.0, 0.22069743502150108, 9, -7.698970004336019, -14.875152587890625, 4.792213815306526, 187.5, 0], Array([60.07544457], dtype=float64), 0.9734184286848051, 76]
[12.5, 12.75, [1.0, 0.22069743502150108, 9, -7.698970004336019, -14.875076293945312, 2.437815255374035, 187.5, 0], Array([80.72993318], dtype=float64), 0.2844235026503929, 76]
[12.5, 12.75, [1.0, 0.22069743502150108, 9, -7.698970004336019, -14.875038146972656, 4.6394805497298846, 187.5, 0], Array([86.39207971], dtype=float64), 0.11909736516873558, 76]
[12.5, 12.75, [1.0, 0.22069743502150108, 9, -7.698970004336019, -14.875019073486328, 1.0963995138642904, 187.5, 0], Array([67.5467236], dtype=float64), 0.8338578563384064, 76]
[12.5, 12.75, [1.0, 0.22069743502150108, 9, -7.698970004336019, -14.875009536743164, 0.06192583592694737, 187.5, 0], Array([83.7791565], dtype=float64), 0.1836572979522489, 76]
[12.5, 12.75, [1.0, 0.22069743502150108, 9, -7.698970004336019, -14.875004768371582, 5.766442908167396, 187.5, 0], Array([66.34253785], dtype=float64), 0.8686130748579091, 76]
[12.5, 12.75, [1.0, 0.22069743502150108, 9, -7.698970004336019, -14.875002384185791, 4.367233392610036, 187.5, 0], Array([84.95447797], dtype=float64), 0.15214926941347592, 76]
[12.5, 12.75, [1.0, 0.22069743502150108, 9, -7.698970004336019, -14.875001192092896, 3.1980525586518223, 187.5, 0], Array([76.42432549], dtype=float64), 0.4654099026191022, 76]
[12.5, 12.75, [1.0, 0.22069743502150108, 9, -7.698970004336019, -14.875000596046448, 0.9348538070384692, 187.5, 0], Array([80.41816841], dtype=float64), 0.29619895562541776, 76]
[12.5, 12.75, [1.0, 0.22069743502150108, 9, -7.698970004336019, -14.875000298023224, 0.718812464395099, 187.5, 0], Array([65.96589174], dtype=float64), 0.8784470057651489, 76]
[12.5, 12.75, [1.0, 0.22069743502150108, 9, -7.698970004336019, -18.0, 4.804085212193169, 187.5, 0], Array([54.73998326], dtype=float64), 0.9962430699659404, 76]
[12.5, 12.75, [1.0, 0.22069743502150108, 9, -7.698970004336019, -13.0, 5.573812787599737, 187.5, 0], Array([120850.85341668], dtype=float64), 0.0, 76]
[12.5, 12.75, [1.0, 0.22069743502150108, 9, -7.698970004336019, -15.5, 1.6932126567297234, 187.5, 0], Array([58.56052356], dtype=float64), 0.9837768651791442, 76]
[12.5, 12.75, [1.0, 0.22069743502150108, 9, -7.698970004336019, -14.25, 3.3414767811241153, 187.5, 0], Array([482.60879828], dtype=float64), 2.2586540144709145e-118, 76]
[12.5, 12.75, [1.0, 0.22069743502150108, 9, -7.698970004336019, -14.875, 0.6078154076868723, 187.5, 0], Array([92.2947675], dtype=float64), 0.03691023222754272, 76]
[12.5, 12.75, [1.0, 0.22069743502150108, 9, -7.698970004336019, -15.1875, 6.129351614602694, 187.5, 0], Array([59.89615124], dtype=float64), 0.9748675631925954, 76]
[12.5, 12.75, [1.0, 0.22069743502150108, 9, -7.698970004336019, -15.03125, 3.226983430849138, 187.5, 0], Array([72.6054875], dtype=float64), 0.6394309662688051, 76]
[12.5, 12.75, [1.0, 0.22069743502150108, 9, -7.698970004336019, -14.953125, 6.004212042353655, 187.5, 0], Array([52.7719936], dtype=float64), 0.9984538199604608, 76]
[12.5, 12.75, [1.0, 0.22069743502150108, 9, -7.698970004336019, -14.9140625, 2.303280741988034, 187.5, 0], Array([77.62523056], dtype=float64), 0.41165312367964846, 76]
[12.5, 12.75, [1.0, 0.22069743502150108, 9, -7.698970004336019, -14.89453125, 2.379156410244209, 187.5, 0], Array([84.60208115], dtype=float64), 0.1611656582766239, 76]
[12.5, 12.75, [1.0, 0.22069743502150108, 9, -7.698970004336019, -14.884765625, 0.4407522812459489, 187.5, 0], Array([70.9395421], dtype=float64), 0.7106957500916617, 76]
[12.5, 12.75, [1.0, 0.22069743502150108, 9, -7.698970004336019, -14.8798828125, 3.4831493389566996, 187.5, 0], Array([78.61603047], dtype=float64), 0.3688716221816419, 76]
[12.5, 12.75, [1.0, 0.22069743502150108, 9, -7.698970004336019, -14.87744140625, 3.576611017522301, 187.5, 0], Array([83.4221752], dtype=float64), 0.1940434763148877, 76]
[12.5, 12.75, [1.0, 0.22069743502150108, 9, -7.698970004336019, -14.876220703125, 1.1338968742559392, 187.5, 0], Array([93.80589559], dtype=float64), 0.026232397499990744, 76]
[12.5, 12.75, [1.0, 0.22069743502150108, 9, -7.698970004336019, -14.8768310546875, 4.399852984932801, 187.5, 0], Array([90.04296837], dtype=float64), 0.05952142419638787, 76]
[12.5, 12.75, [1.0, 0.22069743502150108, 9, -7.698970004336019, -18.0, 5.418880528857813, 187.5, 0], Array([64.66367364], dtype=float64), 0.9086617274276342, 76]
[12.5, 12.75, [1.0, 0.22069743502150108, 9, -7.698970004336019, -13.0, 0.43906107378423626, 187.5, 0], Array([119846.64076526], dtype=float64), 0.0, 76]
[12.5, 12.75, [1.0, 0.22069743502150108, 9, -7.698970004336019, -15.5, 5.523715317378998, 187.5, 0], Array([59.33110435], dtype=float64), 0.9790245856000812, 76]
[12.5, 12.75, [1.0, 0.22069743502150108, 9, -7.698970004336019, -14.25, 4.488030412211557, 187.5, 0], Array([449.44331306], dtype=float64), 2.7817288508500077e-106, 76]
[12.5, 12.75, [1.0, 0.22069743502150108, 9, -7.698970004336019, -14.875, 1.5859221672540704, 187.5, 0], Array([95.18780301], dtype=float64), 0.01892293176268975, 76]
[12.5, 12.75, [1.0, 0.22069743502150108, 9, -7.698970004336019, -15.1875, 1.924127248920319, 187.5, 0], Array([58.09387117], dtype=float64), 0.9861966124841982, 76]
[12.5, 12.75, [1.0, 0.22069743502150108, 9, -7.698970004336019, -15.03125, 5.136778160934946, 187.5, 0], Array([75.91397049], dtype=float64), 0.4886796943742505, 76]
[12.5, 12.75, [1.0, 0.22069743502150108, 9, -7.698970004336019, -14.953125, 4.422942438234078, 187.5, 0], Array([77.14047738], dtype=float64), 0.4331447343397179, 76]
[12.5, 12.75, [1.0, 0.22069743502150108, 9, -7.698970004336019, -14.9140625, 1.015965671265382, 187.5, 0], Array([86.98837847], dtype=float64), 0.10708639383107543, 76]
[12.5, 12.75, [1.0, 0.22069743502150108, 9, -7.698970004336019, -14.89453125, 1.74657123843114, 187.5, 0], Array([78.62629076], dtype=float64), 0.36843784122824497, 76]
[12.5, 12.75, [1.0, 0.22069743502150108, 9, -7.698970004336019, -14.884765625, 1.5749476151507462, 187.5, 0], Array([86.33910573], dtype=float64), 0.1202114229185713, 76]
[12.5, 12.75, [1.0, 0.22069743502150108, 9, -7.698970004336019, -14.8798828125, 5.811317322478078, 187.5, 0], Array([78.53124311], dtype=float64), 0.37246402736925666, 76]
[12.5, 12.75, [1.0, 0.22069743502150108, 9, -7.698970004336019, -14.87744140625, 3.580668399944393, 187.5, 0], Array([79.61276477], dtype=float64), 0.3277548522217279, 76]
[12.5, 12.75, [1.0, 0.22069743502150108, 9, -7.698970004336019, -14.876220703125, 4.859862322500469, 187.5, 0], Array([74.25983013], dtype=float64), 0.5646754249235485, 76]
[12.5, 12.75, [1.0, 0.22069743502150108, 9, -7.698970004336019, -14.8756103515625, 5.277479423183891, 187.5, 0], Array([77.38244785], dtype=float64), 0.4223768402839703, 76]
[12.5, 12.75, [1.0, 0.22069743502150108, 9, -7.698970004336019, -14.87530517578125, 6.260621301817018, 187.5, 0], Array([69.51924576], dtype=float64), 0.7664222261744811, 76]
[12.5, 12.75, [1.0, 0.22069743502150108, 9, -7.698970004336019, -14.875152587890625, 3.6245000336583995, 187.5, 0], Array([87.77971187], dtype=float64), 0.09260313638478679, 76]
[12.5, 12.75, [1.0, 0.22069743502150108, 9, -7.698970004336019, -14.875076293945312, 1.0909850420108989, 187.5, 0], Array([88.57057544], dtype=float64), 0.079702291937576, 76]
[12.5, 12.75, [1.0, 0.22069743502150108, 9, -7.698970004336019, -14.875038146972656, 0.8875163100041097, 187.5, 0], Array([82.26428527], dtype=float64), 0.23034516860700724, 76]
[12.5, 12.75, [1.0, 0.22069743502150108, 9, -7.698970004336019, -14.875019073486328, 0.003702347065690935, 187.5, 0], Array([67.66239133], dtype=float64), 0.8302561258331465, 76]
[12.5, 12.75, [1.0, 0.22069743502150108, 9, -7.698970004336019, -14.875009536743164, 4.684978201541951, 187.5, 0], Array([89.013741], dtype=float64), 0.07312332387907783, 76]
[12.5, 12.75, [1.0, 0.22069743502150108, 9, -7.698970004336019, -14.875004768371582, 2.9312963410385153, 187.5, 0], Array([62.74982984], dtype=float64), 0.9429043901921955, 76]
[12.5, 12.75, [1.0, 0.22069743502150108, 9, -7.698970004336019, -14.875002384185791, 3.9864509587119463, 187.5, 0], Array([70.64467434], dtype=float64), 0.722697347809136, 76]
[12.5, 12.75, [1.0, 0.22069743502150108, 9, -7.698970004336019, -14.875001192092896, 5.2622554579340965, 187.5, 0], Array([84.33545729], dtype=float64), 0.1682317947402104, 76]
[12.5, 12.75, [1.0, 0.22069743502150108, 9, -7.698970004336019, -14.875000596046448, 6.2232685832014205, 187.5, 0], Array([89.43352877], dtype=float64), 0.06730054680585941, 76]
[12.5, 12.75, [1.0, 0.22069743502150108, 9, -7.698970004336019, -14.875000298023224, 1.0211363938311282, 187.5, 0], Array([93.2800279], dtype=float64), 0.02959797887018035, 76]
[12.5, 12.75, [1.0, 0.22069743502150108, 9, -7.698970004336019, -18.0, 1.425701967659876, 187.5, 0], Array([52.95061135], dtype=float64), 0.9983172465438367, 76]
[12.5, 12.75, [1.0, 0.22069743502150108, 9, -7.698970004336019, -13.0, 4.714540320491348, 187.5, 0], Array([120640.97948704], dtype=float64), 0.0, 76]
[12.5, 12.75, [1.0, 0.22069743502150108, 9, -7.698970004336019, -15.5, 4.353074240669958, 187.5, 0], Array([68.90640914], dtype=float64), 0.7887024422743099, 76]
[12.5, 12.75, [1.0, 0.22069743502150108, 9, -7.698970004336019, -14.25, 1.719240819647524, 187.5, 0], Array([475.52507548], dtype=float64), 8.90882928551283e-116, 76]
[12.5, 12.75, [1.0, 0.22069743502150108, 9, -7.698970004336019, -14.875, 0.032107603513370844, 187.5, 0], Array([84.76612756], dtype=float64), 0.15692279098713033, 76]
[12.5, 12.75, [1.0, 0.22069743502150108, 9, -7.698970004336019, -14.5625, 3.885388602765424, 187.5, 0], Array([149.97631713], dtype=float64), 9.307268061065456e-12, 76]
[12.5, 12.75, [1.0, 0.22069743502150108, 9, -7.698970004336019, -14.71875, 0.39473873077156857, 187.5, 0], Array([95.87627738], dtype=float64), 0.01600051137918494, 76]
[12.5, 12.75, [1.0, 0.22069743502150108, 9, -7.698970004336019, -14.796875, 4.0711333615900145, 187.5, 0], Array([99.12188433], dtype=float64), 0.006943587530627689, 76]
[12.5, 12.75, [1.0, 0.22069743502150108, 9, -7.698970004336019, -14.8359375, 3.8411060163891793, 187.5, 0], Array([82.86719728], dtype=float64), 0.210946560968081, 76]
[12.5, 12.75, [1.0, 0.22069743502150108, 9, -7.698970004336019, -14.81640625, 2.115852328179722, 187.5, 0], Array([96.09635611], dtype=float64), 0.015154506399086852, 76]
[12.5, 12.75, [1.0, 0.22069743502150108, 9, -7.698970004336019, -14.826171875, 1.8565710613251167, 187.5, 0], Array([79.21329394], dtype=float64), 0.3439763044313397, 76]
[12.5, 12.75, [1.0, 0.22069743502150108, 9, -7.698970004336019, -14.8212890625, 3.097819620521507, 187.5, 0], Array([104.09057445], dtype=float64), 0.0016905557638844868, 76]
[12.5, 12.75, [1.0, 0.22069743502150108, 9, -7.698970004336019, -14.82373046875, 0.9971224875401609, 187.5, 0], Array([87.06372452], dtype=float64), 0.10563691567634406, 76]
[12.5, 12.75, [1.0, 0.22069743502150108, 9, -7.698970004336019, -14.822509765625, 4.817040049860437, 187.5, 0], Array([71.47506591], dtype=float64), 0.6883853905797301, 76]
[12.5, 12.75, [1.0, 0.22069743502150108, 9, -7.698970004336019, -14.8218994140625, 2.406444054383803, 187.5, 0], Array([81.74825903], dtype=float64), 0.24779134593578417, 76]
[12.5, 12.75, [1.0, 0.22069743502150108, 9, -7.698970004336019, -14.82159423828125, 3.0582830021644614, 187.5, 0], Array([104.79955887], dtype=float64), 0.0013644460191588863, 76]
[12.5, 12.75, [1.0, 0.22069743502150108, 9, -7.698970004336019, -14.821746826171875, 1.8272829334837657, 187.5, 0], Array([95.38282039], dtype=float64), 0.018050866624196235, 76]
[12.5, 12.75, [1.0, 0.22069743502150108, 9, -7.698970004336019, -14.821823120117188, 4.782696266737728, 187.5, 0], Array([93.55076946], dtype=float64), 0.02782143246703724, 76]
[12.5, 12.75, [1.0, 0.22069743502150108, 9, -7.698970004336019, -14.821861267089844, 5.918210977652683, 187.5, 0], Array([74.53136642], dtype=float64), 0.5522118277767731, 76]
[12.5, 12.75, [1.0, 0.22069743502150108, 9, -7.698970004336019, -14.821842193603516, 1.1832628407395371, 187.5, 0], Array([91.51612508], dtype=float64), 0.04372679495193167, 76]
[12.5, 12.75, [1.0, 0.22069743502150108, 9, -7.698970004336019, -18.0, 1.7431482595011267, 187.5, 0], Array([53.56885408], dtype=float64), 0.9977587356853401, 76]
[12.5, 12.75, [1.0, 0.22069743502150108, 9, -7.698970004336019, -13.0, 5.090190960795175, 187.5, 0], Array([119877.19400431], dtype=float64), 0.0, 76]
[12.5, 12.75, [1.0, 0.22069743502150108, 9, -7.698970004336019, -15.5, 5.389731306615914, 187.5, 0], Array([58.40126159], dtype=float64), 0.9846391434047941, 76]
[12.5, 12.75, [1.0, 0.22069743502150108, 9, -7.698970004336019, -14.25, 5.7578945761781295, 187.5, 0], Array([436.23983508], dtype=float64), 1.62149626371255e-101, 76]
[12.5, 12.75, [1.0, 0.22069743502150108, 9, -7.698970004336019, -14.875, 1.919956723579585, 187.5, 0], Array([94.33225617], dtype=float64), 0.023200808187423646, 76]
[12.5, 12.75, [1.0, 0.22069743502150108, 9, -7.698970004336019, -15.1875, 6.085726722759056, 187.5, 0], Array([67.03115845], dtype=float64), 0.849353747496589, 76]
[12.5, 12.75, [1.0, 0.22069743502150108, 9, -7.698970004336019, -15.03125, 2.5876692001100956, 187.5, 0], Array([66.29647119], dtype=float64), 0.8698424248745429, 76]
[12.5, 12.75, [1.0, 0.22069743502150108, 9, -7.698970004336019, -14.953125, 5.832063445577584, 187.5, 0], Array([71.16808758], dtype=float64), 0.7012524220830744, 76]
[12.5, 12.75, [1.0, 0.22069743502150108, 9, -7.698970004336019, -14.9140625, 2.8167670980971646, 187.5, 0], Array([78.96405522], dtype=float64), 0.3542752002575992, 76]
[12.5, 12.75, [1.0, 0.22069743502150108, 9, -7.698970004336019, -14.89453125, 2.919623313511135, 187.5, 0], Array([79.70598121], dtype=float64), 0.32402218180673314, 76]
[12.5, 12.75, [1.0, 0.22069743502150108, 9, -7.698970004336019, -14.884765625, 2.3510457236351185, 187.5, 0], Array([91.51208652], dtype=float64), 0.043764739276524384, 76]
