[12.5, 12.75, [1.0, 0.22069743502150108, 9, -7.468521082957745, -18.0, 5.815088555101224, 187.5, 0], Array([87.21976994], dtype=float64), 0.1026827604840948, 76]
[12.5, 12.75, [1.0, 0.22069743502150108, 9, -7.468521082957745, -13.0, 2.8238723065372797, 187.5, 0], Array([73678.77223895], dtype=float64), 0.0, 76]
[12.5, 12.75, [1.0, 0.22069743502150108, 9, -7.468521082957745, -15.5, 5.628249525189556, 187.5, 0], Array([49.67399919], dtype=float64), 0.9996899032076154, 76]
[12.5, 12.75, [1.0, 0.22069743502150108, 9, -7.468521082957745, -14.25, 3.1849460495029445, 187.5, 0], Array([328.20647365], dtype=float64), 7.768430267975201e-64, 76]
[12.5, 12.75, [1.0, 0.22069743502150108, 9, -7.468521082957745, -14.875, 1.8862987736820556, 187.5, 0], Array([97.04244358], dtype=float64), 0.011952631969024366, 76]
[12.5, 12.75, [1.0, 0.22069743502150108, 9, -7.468521082957745, -14.5625, 0.33010867652927994, 187.5, 0], Array([116.02496814], dtype=float64), 3.106942149513251e-05, 76]
[12.5, 12.75, [1.0, 0.22069743502150108, 9, -7.468521082957745, -14.71875, 2.038888828650959, 187.5, 0], Array([97.51311487], dtype=float64), 0.01059711410388508, 76]
[12.5, 12.75, [1.0, 0.22069743502150108, 9, -7.468521082957745, -14.640625, 5.083595440959055, 187.5, 0], Array([104.8577994], dtype=float64), 0.0013404516247510665, 76]
[12.5, 12.75, [1.0, 0.22069743502150108, 9, -7.468521082957745, -14.6015625, 4.400438310861465, 187.5, 0], Array([109.58730054], dtype=float64), 0.00029659542582645334, 76]
[12.5, 12.75, [1.0, 0.22069743502150108, 9, -7.468521082957745, -14.62109375, 4.064809786534926, 187.5, 0], Array([116.97574206], dtype=float64), 2.1853667306517168e-05, 76]
[12.5, 12.75, [1.0, 0.22069743502150108, 9, -7.468521082957745, -14.630859375, 0.7699738819482468, 187.5, 0], Array([110.51442081], dtype=float64), 0.00021733960962248594, 76]
[12.5, 12.75, [1.0, 0.22069743502150108, 9, -7.468521082957745, -14.6357421875, 3.6616409424666934, 187.5, 0], Array([100.10528862], dtype=float64), 0.005316847834044903, 76]
[12.5, 12.75, [1.0, 0.22069743502150108, 9, -7.468521082957745, -14.63330078125, 3.568565653952064, 187.5, 0], Array([111.796076], dtype=float64), 0.00014029269727062078, 76]
[12.5, 12.75, [1.0, 0.22069743502150108, 9, -7.468521082957745, -18.0, 1.5503295848097836, 187.5, 0], Array([63.03752793], dtype=float64), 0.9384836032661654, 76]
[12.5, 12.75, [1.0, 0.22069743502150108, 9, -7.468521082957745, -13.0, 1.3394120968268317, 187.5, 0], Array([73603.95538145], dtype=float64), 0.0, 76]
[12.5, 12.75, [1.0, 0.22069743502150108, 9, -7.468521082957745, -15.5, 2.037966691080662, 187.5, 0], Array([70.15242208], dtype=float64), 0.7422454713203617, 76]
[12.5, 12.75, [1.0, 0.22069743502150108, 9, -7.468521082957745, -14.25, 0.7363101226170717, 187.5, 0], Array([300.70489098], dtype=float64), 9.895057685419427e-55, 76]
[12.5, 12.75, [1.0, 0.22069743502150108, 9, -7.468521082957745, -14.875, 1.339015219809575, 187.5, 0], Array([78.99064235], dtype=float64), 0.35317029723625637, 76]
[12.5, 12.75, [1.0, 0.22069743502150108, 9, -7.468521082957745, -14.5625, 4.397547372081897, 187.5, 0], Array([104.73898138], dtype=float64), 0.0013898284052438047, 76]
[12.5, 12.75, [1.0, 0.22069743502150108, 9, -7.468521082957745, -14.40625, 1.4895213749245313, 187.5, 0], Array([196.63132149], dtype=float64), 2.753654190018902e-23, 76]
[12.5, 12.75, [1.0, 0.22069743502150108, 9, -7.468521082957745, -14.484375, 4.20080719188178, 187.5, 0], Array([134.18466039], dtype=float64), 1.7961677234423143e-08, 76]
[12.5, 12.75, [1.0, 0.22069743502150108, 9, -7.468521082957745, -14.5234375, 3.2235436021899764, 187.5, 0], Array([139.16170257], dtype=float64), 1.8242174979808868e-09, 76]
[12.5, 12.75, [1.0, 0.22069743502150108, 9, -7.468521082957745, -14.54296875, 2.3663866943845084, 187.5, 0], Array([131.29125818], dtype=float64), 6.491691396086655e-08, 76]
[12.5, 12.75, [1.0, 0.22069743502150108, 9, -7.468521082957745, -14.552734375, 5.103378762292207, 187.5, 0], Array([91.05526983], dtype=float64), 0.048238817011099513, 76]
[12.5, 12.75, [1.0, 0.22069743502150108, 9, -7.468521082957745, -14.5478515625, 0.16034033267881814, 187.5, 0], Array([143.73030535], dtype=float64), 2.0614119304064286e-10, 76]
[12.5, 12.75, [1.0, 0.22069743502150108, 9, -7.468521082957745, -14.55029296875, 1.1228255863643313, 187.5, 0], Array([126.36392699], dtype=float64), 5.342287144969304e-07, 76]
[12.5, 12.75, [1.0, 0.22069743502150108, 9, -7.468521082957745, -18.0, 5.7714150651009, 187.5, 0], Array([64.84535474], dtype=float64), 0.9047942496409112, 76]
[12.5, 12.75, [1.0, 0.22069743502150108, 9, -7.468521082957745, -13.0, 4.822631488831094, 187.5, 0], Array([74442.35071106], dtype=float64), 0.0, 76]
[12.5, 12.75, [1.0, 0.22069743502150108, 9, -7.468521082957745, -15.5, 1.0513739863936185, 187.5, 0], Array([78.73685744], dtype=float64), 0.3637764571344879, 76]
[12.5, 12.75, [1.0, 0.22069743502150108, 9, -7.468521082957745, -14.25, 5.227324699245646, 187.5, 0], Array([320.8863264], dtype=float64), 2.1759669322218868e-61, 76]
[12.5, 12.75, [1.0, 0.22069743502150108, 9, -7.468521082957745, -14.875, 1.0764608262711601, 187.5, 0], Array([89.16060266], dtype=float64), 0.07104183759704684, 76]
[12.5, 12.75, [1.0, 0.22069743502150108, 9, -7.468521082957745, -14.5625, 6.062899514192717, 187.5, 0], Array([130.903958], dtype=float64), 7.68997834865396e-08, 76]
[12.5, 12.75, [1.0, 0.22069743502150108, 9, -7.468521082957745, -14.71875, 0.0638314513413027, 187.5, 0], Array([90.30330973], dtype=float64), 0.05643079229769529, 76]
[12.5, 12.75, [1.0, 0.22069743502150108, 9, -7.468521082957745, -14.640625, 2.000707621924294, 187.5, 0], Array([109.11820735], dtype=float64), 0.0003464777920777571, 76]
[12.5, 12.75, [1.0, 0.22069743502150108, 9, -7.468521082957745, -14.6796875, 3.8550341645161894, 187.5, 0], Array([96.57715738], dtype=float64), 0.013442895715597085, 76]
[12.5, 12.75, [1.0, 0.22069743502150108, 9, -7.468521082957745, -14.66015625, 3.080139881084256, 187.5, 0], Array([80.81399275], dtype=float64), 0.28129234731122293, 76]
[12.5, 12.75, [1.0, 0.22069743502150108, 9, -7.468521082957745, -14.650390625, 5.2522246353201965, 187.5, 0], Array([102.48051843], dtype=float64), 0.0027186503938415505, 76]
[12.5, 12.75, [1.0, 0.22069743502150108, 9, -7.468521082957745, -14.6455078125, 2.6417256911579483, 187.5, 0], Array([104.50578559], dtype=float64), 0.0014917117086942645, 76]
[12.5, 12.75, [1.0, 0.22069743502150108, 9, -7.468521082957745, -14.64306640625, 0.7227550799053399, 187.5, 0], Array([108.40367244], dtype=float64), 0.0004379814120126645, 76]
[12.5, 12.75, [1.0, 0.22069743502150108, 9, -7.468521082957745, -18.0, 1.3934534415806712, 187.5, 0], Array([82.11129079], dtype=float64), 0.23543738309014234, 76]
[12.5, 12.75, [1.0, 0.22069743502150108, 9, -7.468521082957745, -13.0, 1.0234520660757307, 187.5, 0], Array([73901.60994102], dtype=float64), 0.0, 76]
[12.5, 12.75, [1.0, 0.22069743502150108, 9, -7.468521082957745, -15.5, 4.727329737147121, 187.5, 0], Array([79.58344244], dtype=float64), 0.3289332002015951, 76]
[12.5, 12.75, [1.0, 0.22069743502150108, 9, -7.468521082957745, -14.25, 1.1612368617424673, 187.5, 0], Array([286.60464637], dtype=float64), 3.6463149161046165e-50, 76]
[12.5, 12.75, [1.0, 0.22069743502150108, 9, -7.468521082957745, -14.875, 1.7973796423828832, 187.5, 0], Array([77.44971884], dtype=float64), 0.41939710997937724, 76]
[12.5, 12.75, [1.0, 0.22069743502150108, 9, -7.468521082957745, -14.5625, 0.9948443591470814, 187.5, 0], Array([121.18220529], dtype=float64), 4.363841405725074e-06, 76]
[12.5, 12.75, [1.0, 0.22069743502150108, 9, -7.468521082957745, -14.71875, 3.0563748116906426, 187.5, 0], Array([80.01137881], dtype=float64), 0.31193804083980803, 76]
[12.5, 12.75, [1.0, 0.22069743502150108, 9, -7.468521082957745, -14.640625, 2.304142063988077, 187.5, 0], Array([102.61804512], dtype=float64), 0.0026121976027308307, 76]
[12.5, 12.75, [1.0, 0.22069743502150108, 9, -7.468521082957745, -14.6015625, 0.8554132493254188, 187.5, 0], Array([120.4910717], dtype=float64), 5.720158166129302e-06, 76]
[12.5, 12.75, [1.0, 0.22069743502150108, 9, -7.468521082957745, -14.62109375, 3.4726267591079987, 187.5, 0], Array([107.67167261], dtype=float64), 0.0005551252949841454, 76]
[12.5, 12.75, [1.0, 0.22069743502150108, 9, -7.468521082957745, -14.630859375, 2.251096785622214, 187.5, 0], Array([122.38117262], dtype=float64), 2.7140504376350796e-06, 76]
[12.5, 12.75, [1.0, 0.22069743502150108, 9, -7.468521082957745, -14.6357421875, 6.227578474416248, 187.5, 0], Array([101.69381654], dtype=float64), 0.003408650193530416, 76]
[12.5, 12.75, [1.0, 0.22069743502150108, 9, -7.468521082957745, -14.63330078125, 4.60275258001233, 187.5, 0], Array([117.31912593], dtype=float64), 1.9223962354879097e-05, 76]
[12.5, 12.75, [1.0, 0.22069743502150108, 9, -7.468521082957745, -18.0, 4.013637647424131, 187.5, 0], Array([73.06766881], dtype=float64), 0.6188322317040013, 76]
[12.5, 12.75, [1.0, 0.22069743502150108, 9, -7.468521082957745, -13.0, 0.043555066631616346, 187.5, 0], Array([73634.11381796], dtype=float64), 0.0, 76]
[12.5, 12.75, [1.0, 0.22069743502150108, 9, -7.468521082957745, -15.5, 2.015525981889714, 187.5, 0], Array([65.15598882], dtype=float64), 0.8979227266184739, 76]
[12.5, 12.75, [1.0, 0.22069743502150108, 9, -7.468521082957745, -14.25, 3.934522867785787, 187.5, 0], Array([307.83054695], dtype=float64), 4.574429387823496e-57, 76]
[12.5, 12.75, [1.0, 0.22069743502150108, 9, -7.468521082957745, -14.875, 0.664069339121872, 187.5, 0], Array([72.68901401], dtype=float64), 0.6357297060482878, 76]
[12.5, 12.75, [1.0, 0.22069743502150108, 9, -7.468521082957745, -14.5625, 6.088017164050369, 187.5, 0], Array([142.732136], dtype=float64), 3.340522296174213e-10, 76]
[12.5, 12.75, [1.0, 0.22069743502150108, 9, -7.468521082957745, -14.71875, 1.778829018237268, 187.5, 0], Array([96.33438907], dtype=float64), 0.014284351695763359, 76]
[12.5, 12.75, [1.0, 0.22069743502150108, 9, -7.468521082957745, -14.640625, 0.12339094922786646, 187.5, 0], Array([118.67733293], dtype=float64), 1.1509985412939211e-05, 76]
[12.5, 12.75, [1.0, 0.22069743502150108, 9, -7.468521082957745, -14.6796875, 0.338795448384659, 187.5, 0], Array([109.6301488], dtype=float64), 0.0002923954704947886, 76]
[12.5, 12.75, [1.0, 0.22069743502150108, 9, -7.468521082957745, -14.69921875, 3.0070985123334726, 187.5, 0], Array([104.26382148], dtype=float64), 0.0016047609339277583, 76]
[12.5, 12.75, [1.0, 0.22069743502150108, 9, -7.468521082957745, -14.689453125, 4.669864256916257, 187.5, 0], Array([107.00044362], dtype=float64), 0.000687990392223072, 76]
[12.5, 12.75, [1.0, 0.22069743502150108, 9, -7.468521082957745, -14.6943359375, 5.463777666963785, 187.5, 0], Array([96.85460381], dtype=float64), 0.012535519271940396, 76]
[12.5, 12.75, [1.0, 0.22069743502150108, 9, -7.468521082957745, -14.69189453125, 1.1946011696622199, 187.5, 0], Array([92.07039821], dtype=float64), 0.038775124081137056, 76]
[12.5, 12.75, [1.0, 0.22069743502150108, 9, -7.468521082957745, -18.0, 4.807653484526342, 187.5, 0], Array([70.31356301], dtype=float64), 0.7359158743466513, 76]
[12.5, 12.75, [1.0, 0.22069743502150108, 9, -7.468521082957745, -13.0, 6.0569384729017255, 187.5, 0], Array([73090.15686063], dtype=float64), 0.0, 76]
[12.5, 12.75, [1.0, 0.22069743502150108, 9, -7.468521082957745, -15.5, 0.6608693471584597, 187.5, 0], Array([70.66311257], dtype=float64), 0.7219530979833062, 76]
[12.5, 12.75, [1.0, 0.22069743502150108, 9, -7.468521082957745, -14.25, 2.559531212403822, 187.5, 0], Array([282.51186349], dtype=float64), 7.465249278813196e-49, 76]
[12.5, 12.75, [1.0, 0.22069743502150108, 9, -7.468521082957745, -14.875, 2.2593617802890225, 187.5, 0], Array([86.17484207], dtype=float64), 0.12371548453601718, 76]
[12.5, 12.75, [1.0, 0.22069743502150108, 9, -7.468521082957745, -14.5625, 2.6290174703051794, 187.5, 0], Array([112.62479757], dtype=float64), 0.0001052006318246443, 76]
[12.5, 12.75, [1.0, 0.22069743502150108, 9, -7.468521082957745, -14.71875, 1.9982047403465524, 187.5, 0], Array([98.96091019], dtype=float64), 0.007249285829608801, 76]
[12.5, 12.75, [1.0, 0.22069743502150108, 9, -7.468521082957745, -14.640625, 2.942341732895217, 187.5, 0], Array([124.12942302], dtype=float64), 1.3416435657940986e-06, 76]
[12.5, 12.75, [1.0, 0.22069743502150108, 9, -7.468521082957745, -14.6796875, 2.3256374299770792, 187.5, 0], Array([132.30817972], dtype=float64), 4.1487579311453236e-08, 76]
[12.5, 12.75, [1.0, 0.22069743502150108, 9, -7.468521082957745, -14.69921875, 0.2920926753790668, 187.5, 0], Array([88.69252523], dtype=float64), 0.0778466000601467, 76]
[12.5, 12.75, [1.0, 0.22069743502150108, 9, -7.468521082957745, -14.689453125, 4.837276908791803, 187.5, 0], Array([114.92833372], dtype=float64), 4.63517233495882e-05, 76]
[12.5, 12.75, [1.0, 0.22069743502150108, 9, -7.468521082957745, -14.6943359375, 1.5667417585161838, 187.5, 0], Array([104.28537866], dtype=float64), 0.0015943739975656163, 76]
[12.5, 12.75, [1.0, 0.22069743502150108, 9, -7.468521082957745, -14.69189453125, 2.6480501766072844, 187.5, 0], Array([113.29026143], dtype=float64), 8.326363305552427e-05, 76]
[12.5, 12.75, [1.0, 0.22069743502150108, 9, -7.468521082957745, -18.0, 0.003327513274879229, 187.5, 0], Array([78.50334255], dtype=float64), 0.3736491760462282, 76]
[12.5, 12.75, [1.0, 0.22069743502150108, 9, -7.468521082957745, -13.0, 0.3126380871265495, 187.5, 0], Array([73035.83108001], dtype=float64), 0.0, 76]
[12.5, 12.75, [1.0, 0.22069743502150108, 9, -7.468521082957745, -15.5, 2.0500508918636906, 187.5, 0], Array([67.10909552], dtype=float64), 0.8470700916682384, 76]
[12.5, 12.75, [1.0, 0.22069743502150108, 9, -7.468521082957745, -14.25, 5.469650122501657, 187.5, 0], Array([282.75260359], dtype=float64), 6.253231643035414e-49, 76]
[12.5, 12.75, [1.0, 0.22069743502150108, 9, -7.468521082957745, -14.875, 0.05934492963925727, 187.5, 0], Array([80.73537979], dtype=float64), 0.28422005132913497, 76]
[12.5, 12.75, [1.0, 0.22069743502150108, 9, -7.468521082957745, -14.5625, 2.9189326884933586, 187.5, 0], Array([104.30383273], dtype=float64), 0.0015855320579366253, 76]
[12.5, 12.75, [1.0, 0.22069743502150108, 9, -7.468521082957745, -14.40625, 3.7250156656125495, 187.5, 0], Array([173.7031617], dtype=float64), 2.482560960947423e-17, 76]
[12.5, 12.75, [1.0, 0.22069743502150108, 9, -7.468521082957745, -14.484375, 0.9058063841544098, 187.5, 0], Array([143.39506488], dtype=float64), 2.425190449467209e-10, 76]
[12.5, 12.75, [1.0, 0.22069743502150108, 9, -7.468521082957745, -14.5234375, 4.875939207637771, 187.5, 0], Array([134.37327339], dtype=float64), 1.6499272285866653e-08, 76]
[12.5, 12.75, [1.0, 0.22069743502150108, 9, -7.468521082957745, -14.54296875, 1.2191580039279428, 187.5, 0], Array([145.11134097], dtype=float64), 1.0510377956332917e-10, 76]
[12.5, 12.75, [1.0, 0.22069743502150108, 9, -7.468521082957745, -14.552734375, 0.16570948091277268, 187.5, 0], Array([126.12695973], dtype=float64), 5.896553126393384e-07, 76]
[12.5, 12.75, [1.0, 0.22069743502150108, 9, -7.468521082957745, -14.5576171875, 2.669883958580361, 187.5, 0], Array([120.64318646], dtype=float64), 5.390436556561177e-06, 76]
[12.5, 12.75, [1.0, 0.22069743502150108, 9, -7.468521082957745, -14.56005859375, 0.7570546371840707, 187.5, 0], Array([123.45782656], dtype=float64), 1.7616024043241833e-06, 76]
[12.5, 12.75, [1.0, 0.22069743502150108, 9, -7.468521082957745, -18.0, 5.098497728449392, 187.5, 0], Array([66.80829869], dtype=float64), 0.8557674963007569, 76]
[12.5, 12.75, [1.0, 0.22069743502150108, 9, -7.468521082957745, -13.0, 0.776394431951208, 187.5, 0], Array([73417.64842347], dtype=float64), 0.0, 76]
[12.5, 12.75, [1.0, 0.22069743502150108, 9, -7.468521082957745, -15.5, 0.5901662202191459, 187.5, 0], Array([71.5997333], dtype=float64), 0.6831030553019259, 76]
[12.5, 12.75, [1.0, 0.22069743502150108, 9, -7.468521082957745, -14.25, 3.682344960894689, 187.5, 0], Array([260.82238437], dtype=float64), 5.0564876900445345e-42, 76]
[12.5, 12.75, [1.0, 0.22069743502150108, 9, -7.468521082957745, -14.875, 5.204280720736956, 187.5, 0], Array([70.98452331], dtype=float64), 0.7088466801072687, 76]
[12.5, 12.75, [1.0, 0.22069743502150108, 9, -7.468521082957745, -14.5625, 4.304967900310342, 187.5, 0], Array([119.99827792], dtype=float64), 6.92795204571228e-06, 76]
[12.5, 12.75, [1.0, 0.22069743502150108, 9, -7.468521082957745, -14.71875, 3.8919481820015864, 187.5, 0], Array([93.40228061], dtype=float64), 0.02878403549981231, 76]
[12.5, 12.75, [1.0, 0.22069743502150108, 9, -7.468521082957745, -14.640625, 4.6959991289642256, 187.5, 0], Array([110.69682276], dtype=float64), 0.00020432727119787587, 76]
[12.5, 12.75, [1.0, 0.22069743502150108, 9, -7.468521082957745, -14.6796875, 4.883796257402351, 187.5, 0], Array([109.15732697], dtype=float64), 0.00034203163033393155, 76]
[12.5, 12.75, [1.0, 0.22069743502150108, 9, -7.468521082957745, -14.69921875, 5.350444550388188, 187.5, 0], Array([91.03183171], dtype=float64), 0.04847830768974349, 76]
[12.5, 12.75, [1.0, 0.22069743502150108, 9, -7.468521082957745, -14.689453125, 6.146423502389746, 187.5, 0], Array([102.23540498], dtype=float64), 0.002918383256330983, 76]
[12.5, 12.75, [1.0, 0.22069743502150108, 9, -7.468521082957745, -14.6845703125, 1.2811625524488286, 187.5, 0], Array([102.16338113], dtype=float64), 0.002979598826064722, 76]
[12.5, 12.75, [1.0, 0.22069743502150108, 9, -7.468521082957745, -14.68212890625, 2.8309661477458734, 187.5, 0], Array([90.34527308], dtype=float64), 0.05594521324658467, 76]
[12.5, 12.75, [1.0, 0.22069743502150108, 9, -7.468521082957745, -18.0, 5.860176799348412, 187.5, 0], Array([67.99483414], dtype=float64), 0.8196520492192677, 76]
[12.5, 12.75, [1.0, 0.22069743502150108, 9, -7.468521082957745, -13.0, 6.055279277118551, 187.5, 0], Array([73444.27752222], dtype=float64), 0.0, 76]
[12.5, 12.75, [1.0, 0.22069743502150108, 9, -7.468521082957745, -15.5, 5.301206934374426, 187.5, 0], Array([66.8355567], dtype=float64), 0.8549922979039868, 76]
[12.5, 12.75, [1.0, 0.22069743502150108, 9, -7.468521082957745, -14.25, 5.907631650241735, 187.5, 0], Array([324.99286134], dtype=float64), 9.262947801023453e-63, 76]
[12.5, 12.75, [1.0, 0.22069743502150108, 9, -7.468521082957745, -14.875, 5.002056293093206, 187.5, 0], Array([81.69758407], dtype=float64), 0.24954586834971465, 76]
[12.5, 12.75, [1.0, 0.22069743502150108, 9, -7.468521082957745, -14.5625, 5.458146402007366, 187.5, 0], Array([117.25440794], dtype=float64), 1.9695051612092367e-05, 76]
[12.5, 12.75, [1.0, 0.22069743502150108, 9, -7.468521082957745, -14.71875, 1.5482075799661286, 187.5, 0], Array([92.25555825], dtype=float64), 0.037230523437216216, 76]
[12.5, 12.75, [1.0, 0.22069743502150108, 9, -7.468521082957745, -14.640625, 3.8502145685209164, 187.5, 0], Array([102.63384539], dtype=float64), 0.0026002175409280855, 76]
[12.5, 12.75, [1.0, 0.22069743502150108, 9, -7.468521082957745, -14.6015625, 2.412133274669058, 187.5, 0], Array([113.13866106], dtype=float64), 8.783831088819634e-05, 76]
[12.5, 12.75, [1.0, 0.22069743502150108, 9, -7.468521082957745, -14.62109375, 5.904927560582465, 187.5, 0], Array([122.07312384], dtype=float64), 3.068256005317989e-06, 76]
[12.5, 12.75, [1.0, 0.22069743502150108, 9, -7.468521082957745, -14.630859375, 1.6058397740863637, 187.5, 0], Array([100.2285712], dtype=float64), 0.005139556473472903, 76]
[12.5, 12.75, [1.0, 0.22069743502150108, 9, -7.468521082957745, -14.6259765625, 0.7210496551443181, 187.5, 0], Array([93.96432902], dtype=float64), 0.025285684905502516, 76]
[12.5, 12.75, [1.0, 0.22069743502150108, 9, -7.468521082957745, -14.62353515625, 5.7645577670576795, 187.5, 0], Array([88.25405153], dtype=float64), 0.08468305463294303, 76]
[12.5, 12.75, [1.0, 0.22069743502150108, 9, -7.468521082957745, -18.0, 2.431065141632708, 187.5, 0], Array([74.30248797], dtype=float64), 0.5627193314559605, 76]
[12.5, 12.75, [1.0, 0.22069743502150108, 9, -7.468521082957745, -13.0, 4.131283312905937, 187.5, 0], Array([73957.75903271], dtype=float64), 0.0, 76]
[12.5, 12.75, [1.0, 0.22069743502150108, 9, -7.468521082957745, -15.5, 1.6293295262351495, 187.5, 0], Array([75.38337445], dtype=float64), 0.5130232049548484, 76]
[12.5, 12.75, [1.0, 0.22069743502150108, 9, -7.468521082957745, -14.25, 6.191414770831361, 187.5, 0], Array([298.88863623], dtype=float64), 3.8702919838871296e-54, 76]
[12.5, 12.75, [1.0, 0.22069743502150108, 9, -7.468521082957745, -14.875, 5.578671703422905, 187.5, 0], Array([88.47809103], dtype=float64), 0.08113292841454084, 76]
[12.5, 12.75, [1.0, 0.22069743502150108, 9, -7.468521082957745, -14.5625, 5.553659311705315, 187.5, 0], Array([140.64274308], dtype=float64), 9.071688495496077e-10, 76]
[12.5, 12.75, [1.0, 0.22069743502150108, 9, -7.468521082957745, -14.71875, 1.1340345259712237, 187.5, 0], Array([107.07810636], dtype=float64), 0.0006712108354730514, 76]
[12.5, 12.75, [1.0, 0.22069743502150108, 9, -7.468521082957745, -14.796875, 1.879015200146461, 187.5, 0], Array([86.71446469], dtype=float64), 0.11248386916546543, 76]
[12.5, 12.75, [1.0, 0.22069743502150108, 9, -7.468521082957745, -14.7578125, 4.272405769494768, 187.5, 0], Array([80.55519317], dtype=float64), 0.2909922266355852, 76]
[12.5, 12.75, [1.0, 0.22069743502150108, 9, -7.468521082957745, -14.73828125, 5.76858273671015, 187.5, 0], Array([89.54386513], dtype=float64), 0.06583406327778601, 76]
[12.5, 12.75, [1.0, 0.22069743502150108, 9, -7.468521082957745, -14.728515625, 5.860976123535145, 187.5, 0], Array([93.17626639], dtype=float64), 0.030304279240819035, 76]
[12.5, 12.75, [1.0, 0.22069743502150108, 9, -7.468521082957745, -14.7236328125, 5.0090184365538, 187.5, 0], Array([97.24126913], dtype=float64), 0.011362159517768177, 76]
[12.5, 12.75, [1.0, 0.22069743502150108, 9, -7.468521082957745, -14.72119140625, 1.7120613549663608, 187.5, 0], Array([93.59799355], dtype=float64), 0.027521179047096805, 76]
